"TIMESTAMP","RECORD","P_12_1_1","D_SNOW_4_1_1","D_SNOW_IU_4_1_1"
"20250822000100",896247,0,-1.228,0.895
"20250822000200",896248,0,-1.311,0.896
"20250822000300",896249,0,-1.204,0.895
"20250822000400",896250,0,-1.202,0.895
"20250822000500",896251,0,-1.316,0.896
"20250822000600",896252,0,-1.212,0.895
"20250822000700",896253,0,-1.206,0.895
"20250822000800",896254,0,-1.322,0.896
"20250822000900",896255,0,-1.309,0.896
"20250822001000",896256,0,-1.295,0.896
"20250822001100",896257,0,-1.297,0.896
"20250822001200",896258,0,-1.282,0.896
"20250822001300",896259,0,-1.273,0.896
"20250822001400",896260,0,-1.354,0.897
"20250822001500",896261,0,-1.415,0.898
"20250822001600",896262,0,-1.462,0.899
"20250822001700",896263,0,-1.436,0.899
"20250822001800",896264,0,-1.41,0.899
"20250822001900",896265,0,-1.387,0.899
"20250822002000",896266,0,-1.371,0.899
"20250822002100",896267,0,-1.353,0.899
"20250822002200",896268,0,-1.344,0.899
"20250822002300",896269,0,-1.348,0.899
"20250822002400",896270,0,-1.279,0.898
"20250822002500",896271,0,-1.192,0.897
"20250822002600",896272,0,-1.144,0.896
"20250822002700",896273,0,-1.149,0.896
"20250822002800",896274,0,-1.184,0.896
"20250822002900",896275,0,-1.21,0.896
"20250822003000",896276,0,-1.231,0.896
"20250822003100",896277,0,-1.24,0.896
"20250822003200",896278,0,-1.258,0.896
"20250822003300",896279,0,-1.158,0.895
"20250822003400",896280,0,-1.185,0.895
"20250822003500",896281,0,-1.287,0.896
"20250822003600",896282,0,-1.215,0.895
"20250822003700",896283,0,-1.2,0.895
"20250822003800",896284,0,-1.203,0.895
"20250822003900",896285,0,-1.199,0.895
"20250822004000",896286,0,-1.207,0.895
"20250822004100",896287,0,-1.217,0.895
"20250822004200",896288,0,-1.196,0.895
"20250822004300",896289,0,-1.197,0.895
"20250822004400",896290,0,-1.201,0.895
"20250822004500",896291,0,-1.197,0.895
"20250822004600",896292,0,-1.196,0.895
"20250822004700",896293,0,-1.211,0.895
"20250822004800",896294,0,-1.218,0.895
"20250822004900",896295,0,-1.231,0.895
"20250822005000",896296,0,-1.234,0.895
"20250822005100",896297,0,-1.231,0.895
"20250822005200",896298,0,-1.246,0.895
"20250822005300",896299,0,-1.26,0.895
"20250822005400",896300,0,-1.262,0.895
"20250822005500",896301,0,-1.278,0.895
"20250822005600",896302,0,-1.275,0.895
"20250822005700",896303,0,-1.271,0.895
"20250822005800",896304,0,-1.282,0.895
"20250822005900",896305,0,-1.278,0.895
"20250822010000",896306,0,-1.29,0.895
"20250822010100",896307,0,-1.268,0.895
"20250822010200",896308,0,-1.269,0.895
"20250822010300",896309,0,-1.277,0.895
"20250822010400",896310,0,-1.276,0.895
"20250822010500",896311,0,-1.279,0.895
"20250822010600",896312,0,-1.266,0.895
"20250822010700",896313,0,-1.27,0.895
"20250822010800",896314,0,-1.262,0.895
"20250822010900",896315,0,-1.357,0.896
"20250822011000",896316,0,-1.346,0.896
"20250822011100",896317,0,-1.338,0.896
"20250822011200",896318,0,-1.234,0.895
"20250822011300",896319,0,-1.335,0.896
"20250822011400",896320,0,-1.223,0.895
"20250822011500",896321,0,-1.324,0.896
"20250822011600",896322,0,-1.23,0.895
"20250822011700",896323,0,-1.245,0.895
"20250822011800",896324,0,-1.248,0.895
"20250822011900",896325,0,-1.239,0.895
"20250822012000",896326,0,-1.235,0.895
"20250822012100",896327,0,-1.235,0.895
"20250822012200",896328,0,-1.33,0.896
"20250822012300",896329,0,-1.225,0.895
"20250822012400",896330,0,-1.32,0.896
"20250822012500",896331,0,-1.298,0.896
"20250822012600",896332,0,-1.295,0.896
"20250822012700",896333,0,-1.278,0.896
"20250822012800",896334,0,-1.37,0.897
"20250822012900",896335,0,-1.258,0.896
"20250822013000",896336,0,-1.155,0.895
"20250822013100",896337,0,-1.176,0.895
"20250822013200",896338,0,-1.165,0.895
"20250822013300",896339,0,-1.27,0.896
"20250822013400",896340,0,-1.289,0.896
"20250822013500",896341,0,-1.205,0.895
"20250822013600",896342,0,-1.314,0.896
"20250822013700",896343,0,-1.299,0.896
"20250822013800",896344,0,-1.293,0.896
"20250822013900",896345,0,-1.291,0.896
"20250822014000",896346,0,-1.204,0.895
"20250822014100",896347,0,-1.248,0.895
"20250822014200",896348,0,-1.235,0.895
"20250822014300",896349,0,-1.236,0.895
"20250822014400",896350,0,-1.237,0.895
"20250822014500",896351,0,-1.237,0.895
"20250822014600",896352,0,-1.243,0.895
"20250822014700",896353,0,-1.248,0.895
"20250822014800",896354,0,-1.244,0.895
"20250822014900",896355,0,-1.237,0.895
"20250822015000",896356,0,-1.237,0.895
"20250822015100",896357,0,-1.242,0.895
"20250822015200",896358,0,-1.234,0.895
"20250822015300",896359,0,-1.235,0.895
"20250822015400",896360,0,-1.34,0.896
"20250822015500",896361,0,-1.227,0.895
"20250822015600",896362,0,-1.226,0.895
"20250822015700",896363,0,-1.226,0.895
"20250822015800",896364,0,-1.227,0.895
"20250822015900",896365,0,-1.317,0.896
"20250822020000",896366,0,-1.316,0.896
"20250822020100",896367,0,-1.302,0.896
"20250822020200",896368,0,-1.192,0.895
"20250822020300",896369,0,-1.296,0.896
"20250822020400",896370,0,-1.292,0.896
"20250822020500",896371,0,-1.29,0.896
"20250822020600",896372,0,-1.276,0.896
"20250822020700",896373,0,-1.273,0.896
"20250822020800",896374,0,-1.275,0.896
"20250822020900",896375,0,-1.286,0.896
"20250822021000",896376,0,-1.282,0.896
"20250822021100",896377,0,-1.192,0.895
"20250822021200",896378,0,-1.304,0.896
"20250822021300",896379,0,-1.2,0.895
"20250822021400",896380,0,-1.215,0.895
"20250822021500",896381,0,-1.218,0.895
"20250822021600",896382,0,-1.221,0.895
"20250822021700",896383,0,-1.231,0.895
"20250822021800",896384,0,-1.25,0.895
"20250822021900",896385,0,-1.26,0.895
"20250822022000",896386,0,-1.271,0.895
"20250822022100",896387,0,-1.282,0.895
"20250822022200",896388,0,-1.187,0.894
"20250822022300",896389,0,-1.193,0.894
"20250822022400",896390,0,-1.197,0.894
"20250822022500",896391,0,-1.209,0.894
"20250822022600",896392,0,-1.21,0.894
"20250822022700",896393,0,-1.214,0.894
"20250822022800",896394,0,-1.221,0.894
"20250822022900",896395,0,-1.23,0.894
"20250822023000",896396,0,-1.234,0.894
"20250822023100",896397,0,-1.239,0.894
"20250822023200",896398,0,-1.235,0.894
"20250822023300",896399,0,-1.238,0.894
"20250822023400",896400,0,-1.241,0.894
"20250822023500",896401,0,-1.243,0.894
"20250822023600",896402,0,-1.248,0.894
"20250822023700",896403,0,-1.252,0.894
"20250822023800",896404,0,-1.262,0.894
"20250822023900",896405,0,-1.26,0.894
"20250822024000",896406,0,-1.254,0.894
"20250822024100",896407,0,-1.257,0.894
"20250822024200",896408,0,-1.262,0.894
"20250822024300",896409,0,-1.268,0.894
"20250822024400",896410,0,-1.27,0.894
"20250822024500",896411,0,-1.264,0.894
"20250822024600",896412,0,-1.266,0.894
"20250822024700",896413,0,-1.267,0.894
"20250822024800",896414,0,-1.266,0.894
"20250822024900",896415,0,-1.268,0.894
"20250822025000",896416,0,-1.265,0.894
"20250822025100",896417,0,-1.266,0.894
"20250822025200",896418,0,-1.262,0.894
"20250822025300",896419,0,-1.263,0.894
"20250822025400",896420,0,-1.258,0.894
"20250822025500",896421,0,-1.259,0.894
"20250822025600",896422,0,-1.26,0.894
"20250822025700",896423,0,-1.255,0.894
"20250822025800",896424,0,-1.264,0.894
"20250822025900",896425,0,-1.262,0.894
"20250822030000",896426,0,-1.259,0.894
"20250822030100",896427,0,-1.259,0.894
"20250822030200",896428,0,-1.258,0.894
"20250822030300",896429,0,-1.254,0.894
"20250822030400",896430,0,-1.256,0.894
"20250822030500",896431,0,-1.251,0.894
"20250822030600",896432,0,-1.347,0.895
"20250822030700",896433,0,-1.354,0.895
"20250822030800",896434,0,-1.246,0.894
"20250822030900",896435,0,-1.348,0.895
"20250822031000",896436,0,-1.35,0.895
"20250822031100",896437,0,-1.245,0.894
"20250822031200",896438,0,-1.25,0.894
"20250822031300",896439,0,-1.253,0.894
"20250822031400",896440,0,-1.26,0.894
"20250822031500",896441,0,-1.355,0.895
"20250822031600",896442,0,-1.251,0.894
"20250822031700",896443,0,-1.255,0.894
"20250822031800",896444,0,-1.256,0.894
"20250822031900",896445,0,-1.252,0.894
"20250822032000",896446,0,-1.252,0.894
"20250822032100",896447,0,-1.256,0.894
"20250822032200",896448,0,-1.257,0.894
"20250822032300",896449,0,-1.356,0.895
"20250822032400",896450,0,-1.358,0.895
"20250822032500",896451,0,-1.353,0.895
"20250822032600",896452,0,-1.347,0.895
"20250822032700",896453,0,-1.35,0.895
"20250822032800",896454,0,-1.349,0.895
"20250822032900",896455,0,-1.345,0.895
"20250822033000",896456,0,-1.342,0.895
"20250822033100",896457,0,-1.342,0.895
"20250822033200",896458,0,-1.341,0.895
"20250822033300",896459,0,-1.343,0.895
"20250822033400",896460,0,-1.348,0.895
"20250822033500",896461,0,-1.352,0.895
"20250822033600",896462,0,-1.342,0.895
"20250822033700",896463,0,-1.343,0.895
"20250822033800",896464,0,-1.25,0.894
"20250822033900",896465,0,-1.351,0.895
"20250822034000",896466,0,-1.349,0.895
"20250822034100",896467,0,-1.351,0.895
"20250822034200",896468,0,-1.35,0.895
"20250822034300",896469,0,-1.348,0.895
"20250822034400",896470,0,-1.345,0.895
"20250822034500",896471,0,-1.348,0.895
"20250822034600",896472,0,-1.347,0.895
"20250822034700",896473,0,-1.253,0.894
"20250822034800",896474,0,-1.355,0.895
"20250822034900",896475,0,-1.355,0.895
"20250822035000",896476,0,-1.355,0.895
"20250822035100",896477,0,-1.356,0.895
"20250822035200",896478,0,-1.354,0.895
"20250822035300",896479,0,-1.354,0.895
"20250822035400",896480,0,-1.36,0.895
"20250822035500",896481,0,-1.261,0.894
"20250822035600",896482,0,-1.261,0.894
"20250822035700",896483,0,-1.265,0.894
"20250822035800",896484,0,-1.367,0.895
"20250822035900",896485,0,-1.271,0.894
"20250822040000",896486,0,-1.273,0.894
"20250822040100",896487,0,-1.371,0.895
"20250822040200",896488,0,-1.375,0.895
"20250822040300",896489,0,-1.371,0.895
"20250822040400",896490,0,-1.373,0.895
"20250822040500",896491,0,-1.277,0.894
"20250822040600",896492,0,-1.264,0.894
"20250822040700",896493,0,-1.362,0.895
"20250822040800",896494,0,-1.358,0.895
"20250822040900",896495,0,-1.355,0.895
"20250822041000",896496,0,-1.35,0.895
"20250822041100",896497,0,-1.343,0.895
"20250822041200",896498,0,-1.334,0.895
"20250822041300",896499,0,-1.333,0.895
"20250822041400",896500,0,-1.327,0.895
"20250822041500",896501,0,-1.325,0.895
"20250822041600",896502,0,-1.318,0.895
"20250822041700",896503,0,-1.315,0.895
"20250822041800",896504,0,-1.316,0.895
"20250822041900",896505,0,-1.312,0.895
"20250822042000",896506,0,-1.315,0.895
"20250822042100",896507,0,-1.312,0.895
"20250822042200",896508,0,-1.308,0.895
"20250822042300",896509,0,-1.308,0.895
"20250822042400",896510,0,-1.313,0.895
"20250822042500",896511,0,-1.31,0.895
"20250822042600",896512,0,-1.303,0.895
"20250822042700",896513,0,-1.301,0.895
"20250822042800",896514,0,-1.304,0.895
"20250822042900",896515,0,-1.303,0.895
"20250822043000",896516,0,-1.295,0.895
"20250822043100",896517,0,-1.295,0.895
"20250822043200",896518,0,-1.293,0.895
"20250822043300",896519,0,-1.288,0.895
"20250822043400",896520,0,-1.282,0.895
"20250822043500",896521,0,-1.281,0.895
"20250822043600",896522,0,-1.286,0.895
"20250822043700",896523,0,-1.276,0.895
"20250822043800",896524,0,-1.282,0.895
"20250822043900",896525,0,-1.275,0.895
"20250822044000",896526,0,-1.272,0.895
"20250822044100",896527,0,-1.269,0.895
"20250822044200",896528,0,-1.378,0.896
"20250822044300",896529,0,-1.262,0.895
"20250822044400",896530,0,-1.264,0.895
"20250822044500",896531,0,-1.354,0.896
"20250822044600",896532,0,-1.358,0.896
"20250822044700",896533,0,-1.358,0.896
"20250822044800",896534,0,-1.248,0.895
"20250822044900",896535,0,-1.249,0.895
"20250822045000",896536,0,-1.249,0.895
"20250822045100",896537,0,-1.255,0.895
"20250822045200",896538,0,-1.258,0.895
"20250822045300",896539,0,-1.252,0.895
"20250822045400",896540,0,-1.258,0.895
"20250822045500",896541,0,-1.258,0.895
"20250822045600",896542,0,-1.249,0.895
"20250822045700",896543,0,-1.251,0.895
"20250822045800",896544,0,-1.252,0.895
"20250822045900",896545,0,-1.247,0.895
"20250822050000",896546,0,-1.344,0.896
"20250822050100",896547,0,-1.236,0.895
"20250822050200",896548,0,-1.342,0.896
"20250822050300",896549,0,-1.341,0.896
"20250822050400",896550,0,-1.334,0.896
"20250822050500",896551,0,-1.325,0.896
"20250822050600",896552,0,-1.32,0.896
"20250822050700",896553,0,-1.315,0.896
"20250822050800",896554,0,-1.312,0.896
"20250822050900",896555,0,-1.312,0.896
"20250822051000",896556,0,-1.302,0.896
"20250822051100",896557,0,-1.307,0.896
"20250822051200",896558,0,-1.308,0.896
"20250822051300",896559,0,-1.305,0.896
"20250822051400",896560,0,-1.303,0.896
"20250822051500",896561,0,-1.305,0.896
"20250822051600",896562,0,-1.301,0.896
"20250822051700",896563,0,-1.306,0.896
"20250822051800",896564,0,-1.301,0.896
"20250822051900",896565,0,-1.297,0.896
"20250822052000",896566,0,-1.296,0.896
"20250822052100",896567,0,-1.292,0.896
"20250822052200",896568,0,-1.305,0.896
"20250822052300",896569,0,-1.302,0.896
"20250822052400",896570,0,-1.305,0.896
"20250822052500",896571,0,-1.302,0.896
"20250822052600",896572,0,-1.305,0.896
"20250822052700",896573,0,-1.298,0.896
"20250822052800",896574,0,-1.294,0.896
"20250822052900",896575,0,-1.299,0.896
"20250822053000",896576,0,-1.296,0.896
"20250822053100",896577,0,-1.296,0.896
"20250822053200",896578,0,-1.291,0.896
"20250822053300",896579,0,-1.286,0.896
"20250822053400",896580,0,-1.279,0.896
"20250822053500",896581,0,-1.366,0.897
"20250822053600",896582,0,-1.36,0.897
"20250822053700",896583,0,-1.359,0.897
"20250822053800",896584,0,-1.349,0.897
"20250822053900",896585,0,-1.34,0.897
"20250822054000",896586,0,-1.338,0.897
"20250822054100",896587,0,-1.328,0.897
"20250822054200",896588,0,-1.327,0.897
"20250822054300",896589,0,-1.333,0.897
"20250822054400",896590,0,-1.324,0.897
"20250822054500",896591,0,-1.324,0.897
"20250822054600",896592,0,-1.319,0.897
"20250822054700",896593,0,-1.225,0.896
"20250822054800",896594,0,-1.225,0.896
"20250822054900",896595,0,-1.229,0.896
"20250822055000",896596,0,-1.231,0.896
"20250822055100",896597,0,-1.239,0.896
"20250822055200",896598,0,-1.24,0.896
"20250822055300",896599,0,-1.241,0.896
"20250822055400",896600,0,-1.244,0.896
"20250822055500",896601,0,-1.245,0.896
"20250822055600",896602,0,-1.241,0.896
"20250822055700",896603,0,-1.239,0.896
"20250822055800",896604,0,-1.24,0.896
"20250822055900",896605,0,-1.238,0.896
"20250822060000",896606,0,-1.342,0.897
"20250822060100",896607,0,-1.234,0.896
"20250822060200",896608,0,-1.24,0.896
"20250822060300",896609,0,-1.243,0.896
"20250822060400",896610,0,-1.242,0.896
"20250822060500",896611,0,-1.252,0.896
"20250822060600",896612,0,-1.259,0.896
"20250822060700",896613,0,-1.262,0.896
"20250822060800",896614,0,-1.27,0.896
"20250822060900",896615,0,-1.273,0.896
"20250822061000",896616,0,-1.275,0.896
"20250822061100",896617,0,-1.283,0.896
"20250822061200",896618,0,-1.285,0.896
"20250822061300",896619,0,-1.291,0.896
"20250822061400",896620,0,-1.189,0.895
"20250822061500",896621,0,-1.196,0.895
"20250822061600",896622,0,-1.199,0.895
"20250822061700",896623,0,-1.21,0.895
"20250822061800",896624,0,-1.212,0.895
"20250822061900",896625,0,-1.222,0.895
"20250822062000",896626,0,-1.227,0.895
"20250822062100",896627,0,-1.236,0.895
"20250822062200",896628,0,-1.242,0.895
"20250822062300",896629,0,-1.244,0.895
"20250822062400",896630,0,-1.252,0.895
"20250822062500",896631,0,-1.248,0.895
"20250822062600",896632,0,-1.258,0.895
"20250822062700",896633,0,-1.26,0.895
"20250822062800",896634,0,-1.259,0.895
"20250822062900",896635,0,-1.256,0.895
"20250822063000",896636,0,-1.26,0.895
"20250822063100",896637,0,-1.259,0.895
"20250822063200",896638,0,-1.28,0.895
"20250822063300",896639,0,-1.289,0.895
"20250822063400",896640,0,-1.2,0.894
"20250822063500",896641,0,-1.193,0.894
"20250822063600",896642,0,-1.218,0.894
"20250822063700",896643,0,-1.229,0.894
"20250822063800",896644,0,-1.238,0.894
"20250822063900",896645,0,-1.246,0.894
"20250822064000",896646,0,-1.257,0.894
"20250822064100",896647,0,-1.263,0.894
"20250822064200",896648,0,-1.285,0.894
"20250822064300",896649,0,-1.278,0.894
"20250822064400",896650,0,-1.187,0.893
"20250822064500",896651,0,-1.201,0.893
"20250822064600",896652,0,-1.212,0.893
"20250822064700",896653,0,-1.217,0.893
"20250822064800",896654,0,-1.227,0.893
"20250822064900",896655,0,-1.332,0.894
"20250822065000",896656,0,-1.213,0.893
"20250822065100",896657,0,-1.23,0.893
"20250822065200",896658,0,-1.333,0.894
"20250822065300",896659,0,-1.221,0.893
"20250822065400",896660,0,-1.251,0.893
"20250822065500",896661,0,-1.254,0.893
"20250822065600",896662,0,-1.274,0.893
"20250822065700",896663,0,-1.271,0.893
"20250822065800",896664,0,-1.271,0.893
"20250822065900",896665,0,-1.281,0.893
"20250822070000",896666,0,-1.263,0.893
"20250822070100",896667,0,-1.286,0.893
"20250822070200",896668,0,-1.287,0.893
"20250822070300",896669,0,-1.377,0.894
"20250822070400",896670,0,-1.362,0.894
"20250822070500",896671,0,-1.275,0.893
"20250822070600",896672,0,-1.364,0.894
"20250822070700",896673,0,-1.272,0.893
"20250822070800",896674,0,-1.264,0.893
"20250822070900",896675,0,-1.341,0.894
"20250822071000",896676,0,-1.333,0.894
"20250822071100",896677,0,-1.245,0.893
"20250822071200",896678,0,-1.244,0.893
"20250822071300",896679,0,-1.336,0.894
"20250822071400",896680,0,-1.338,0.894
"20250822071500",896681,0,-1.253,0.893
"20250822071600",896682,0,-1.34,0.894
"20250822071700",896683,0,-1.252,0.893
"20250822071800",896684,0,-1.242,0.893
"20250822071900",896685,0,-1.252,0.893
"20250822072000",896686,0,-1.243,0.893
"20250822072100",896687,0,-1.237,0.893
"20250822072200",896688,0,-1.242,0.893
"20250822072300",896689,0,-1.258,0.893
"20250822072400",896690,0,-1.282,0.893
"20250822072500",896691,0,-1.291,0.893
"20250822072600",896692,0,-1.302,0.893
"20250822072700",896693,0,-1.324,0.893
"20250822072800",896694,0,-1.258,0.892
"20250822072900",896695,0,-1.255,0.892
"20250822073000",896696,0,-1.324,0.892
"20250822073100",896697,0,-1.327,0.892
"20250822073200",896698,0,-1.28,0.891
"20250822073300",896699,0,-1.388,0.892
"20250822073400",896700,0,-1.248,0.891
"20250822073500",896701,0,-1.39,0.892
"20250822073600",896702,0,-1.427,0.892
"20250822073700",896703,0,-1.447,0.892
"20250822073800",896704,0,-1.469,0.892
"20250822073900",896705,0,-1.326,0.891
"20250822074000",896706,0,-1.457,0.892
"20250822074100",896707,0,-1.337,0.891
"20250822074200",896708,0,-1.418,0.892
"20250822074300",896709,0,-1.43,0.892
"20250822074400",896710,0,-1.323,0.891
"20250822074500",896711,0,-1.433,0.892
"20250822074600",896712,0,-1.324,0.891
"20250822074700",896713,0,-1.403,0.892
"20250822074800",896714,0,-1.401,0.892
"20250822074900",896715,0,-1.301,0.891
"20250822075000",896716,0,-1.29,0.891
"20250822075100",896717,0,-1.43,0.892
"20250822075200",896718,0,-1.43,0.892
"20250822075300",896719,0,-1.416,0.892
"20250822075400",896720,0,-1.343,0.891
"20250822075500",896721,0,-1.309,0.891
"20250822075600",896722,0,-1.361,0.891
"20250822075700",896723,0,-1.269,0.89
"20250822075800",896724,0,-1.396,0.891
"20250822075900",896725,0,-1.405,0.891
"20250822080000",896726,0,-1.357,0.891
"20250822080100",896727,0,-1.392,0.891
"20250822080200",896728,0,-1.387,0.891
"20250822080300",896729,0,-1.393,0.891
"20250822080400",896730,0,-1.35,0.891
"20250822080500",896731,0,-1.325,0.891
"20250822080600",896732,0,-1.332,0.891
"20250822080700",896733,0,-1.282,0.891
"20250822080800",896734,0,-1.279,0.891
"20250822080900",896735,0,-1.356,0.892
"20250822081000",896736,0,-1.243,0.891
"20250822081100",896737,0,-1.239,0.891
"20250822081200",896738,0,-1.237,0.891
"20250822081300",896739,0,-1.256,0.891
"20250822081400",896740,0,-1.265,0.891
"20250822081500",896741,0,-1.274,0.891
"20250822081600",896742,0,-1.248,0.891
"20250822081700",896743,0,-1.272,0.891
"20250822081800",896744,0,-1.282,0.891
"20250822081900",896745,0,-1.182,0.89
"20250822082000",896746,0,-1.279,0.891
"20250822082100",896747,0,-1.268,0.891
"20250822082200",896748,0,-1.271,0.891
"20250822082300",896749,0,-1.284,0.891
"20250822082400",896750,0,-1.381,0.892
"20250822082500",896751,0,-1.262,0.891
"20250822082600",896752,0,-1.266,0.891
"20250822082700",896753,0,-1.263,0.891
"20250822082800",896754,0,-1.267,0.891
"20250822082900",896755,0,-1.267,0.891
"20250822083000",896756,0,-1.265,0.891
"20250822083100",896757,0,-1.275,0.891
"20250822083200",896758,0,-1.364,0.892
"20250822083300",896759,0,-1.406,0.892
"20250822083400",896760,0,-1.28,0.891
"20250822083500",896761,0,-1.282,0.891
"20250822083600",896762,0,-1.271,0.891
"20250822083700",896763,0,-1.281,0.891
"20250822083800",896764,0,-1.306,0.891
"20250822083900",896765,0,-1.317,0.891
"20250822084000",896766,0,-1.308,0.891
"20250822084100",896767,0,-1.335,0.891
"20250822084200",896768,0,-1.3,0.891
"20250822084300",896769,0,-1.301,0.891
"20250822084400",896770,0,-1.304,0.891
"20250822084500",896771,0,-1.301,0.891
"20250822084600",896772,0,-1.351,0.892
"20250822084700",896773,0,-1.393,0.892
"20250822084800",896774,0,-1.257,0.891
"20250822084900",896775,0,-1.283,0.891
"20250822085000",896776,0,-1.287,0.891
"20250822085100",896777,0,-1.309,0.891
"20250822085200",896778,0,-1.288,0.891
"20250822085300",896779,0,-1.279,0.891
"20250822085400",896780,0,-1.3,0.891
"20250822085500",896781,0,-1.405,0.892
"20250822085600",896782,0,-1.316,0.891
"20250822085700",896783,0,-1.323,0.891
"20250822085800",896784,0,-1.321,0.891
"20250822085900",896785,0,-1.316,0.891
"20250822090000",896786,0,-1.318,0.891
"20250822090100",896787,0,-1.322,0.891
"20250822090200",896788,0,-1.355,0.891
"20250822090300",896789,0,-1.251,0.89
"20250822090400",896790,0,-1.341,0.891
"20250822090500",896791,0,-1.282,0.89
"20250822090600",896792,0,-1.255,0.89
"20250822090700",896793,0,-1.327,0.89
"20250822090800",896794,0,-1.332,0.89
"20250822090900",896795,0,-1.298,0.89
"20250822091000",896796,0,-1.3,0.89
"20250822091100",896797,0,-1.314,0.89
"20250822091200",896798,0,-1.303,0.89
"20250822091300",896799,0,-1.331,0.89
"20250822091400",896800,0,-1.35,0.89
"20250822091500",896801,0,-1.42,0.891
"20250822091600",896802,0,-1.354,0.89
"20250822091700",896803,0,-1.368,0.89
"20250822091800",896804,0,-1.244,0.889
"20250822091900",896805,0,-1.367,0.89
"20250822092000",896806,0,-1.385,0.89
"20250822092100",896807,0,-1.359,0.89
"20250822092200",896808,0,-1.449,0.891
"20250822092300",896809,0,-1.358,0.89
"20250822092400",896810,0,-1.347,0.89
"20250822092500",896811,0,-1.448,0.891
"20250822092600",896812,0,-1.341,0.89
"20250822092700",896813,0,-1.257,0.889
"20250822092800",896814,0,-1.37,0.89
"20250822092900",896815,0,-1.447,0.891
"20250822093000",896816,0,-1.41,0.891
"20250822093100",896817,0,-1.438,0.891
"20250822093200",896818,0,-1.375,0.89
"20250822093300",896819,0,-1.347,0.89
"20250822093400",896820,0,-1.328,0.89
"20250822093500",896821,0,-1.349,0.89
"20250822093600",896822,0,-1.33,0.89
"20250822093700",896823,0,-1.458,0.891
"20250822093800",896824,0,-1.452,0.891
"20250822093900",896825,0,-1.436,0.891
"20250822094000",896826,0,-1.309,0.89
"20250822094100",896827,0,-1.425,0.891
"20250822094200",896828,0,-1.356,0.89
"20250822094300",896829,0,-1.357,0.89
"20250822094400",896830,0,-1.279,0.889
"20250822094500",896831,0,-1.365,0.89
"20250822094600",896832,0,-1.402,0.89
"20250822094700",896833,0,-1.29,0.889
"20250822094800",896834,0,-1.412,0.89
"20250822094900",896835,0,-1.331,0.889
"20250822095000",896836,0,-1.443,0.89
"20250822095100",896837,0,-1.358,0.889
"20250822095200",896838,0,-1.371,0.889
"20250822095300",896839,0,-1.398,0.889
"20250822095400",896840,0,-1.383,0.889
"20250822095500",896841,0,-1.382,0.889
"20250822095600",896842,0,-1.458,0.89
"20250822095700",896843,0,-1.447,0.89
"20250822095800",896844,0,-1.412,0.89
"20250822095900",896845,0,-1.419,0.89
"20250822100000",896846,0,-1.31,0.889
"20250822100100",896847,0,-1.402,0.89
"20250822100200",896848,0,-1.374,0.89
"20250822100300",896849,0,-1.351,0.89
"20250822100400",896850,0,-1.392,0.89
"20250822100500",896851,0,-1.393,0.89
"20250822100600",896852,0,-1.383,0.89
"20250822100700",896853,0,-1.375,0.89
"20250822100800",896854,0,-1.35,0.89
"20250822100900",896855,0,-1.35,0.89
"20250822101000",896856,0,-1.29,0.889
"20250822101100",896857,0,-1.376,0.89
"20250822101200",896858,0,-1.393,0.89
"20250822101300",896859,0,-1.308,0.889
"20250822101400",896860,0,-1.338,0.889
"20250822101500",896861,0,-1.445,0.89
"20250822101600",896862,0,-1.267,0.888
"20250822101700",896863,0,-1.269,0.888
"20250822101800",896864,0,-1.399,0.889
"20250822101900",896865,0,-1.405,0.889
"20250822102000",896866,0,-1.328,0.888
"20250822102100",896867,0,-1.293,0.887
"20250822102200",896868,0,-1.25,0.887
"20250822102300",896869,0,-1.46,0.888
"20250822102400",896870,0,-1.461,0.888
"20250822102500",896871,0,-1.626,0.889
"20250822102600",896872,0,-1.656,0.889
"20250822102700",896873,0,-1.723,0.889
"20250822102800",896874,0,-1.484,0.886
"20250822102900",896875,0,-1.672,0.888
"20250822103000",896876,0,-1.517,0.887
"20250822103100",896877,0,-1.349,0.885
"20250822103200",896878,0,-1.473,0.886
"20250822103300",896879,0,-1.777,0.888
"20250822103400",896880,0,-1.564,0.886
"20250822103500",896881,0,-1.506,0.887
"20250822103600",896882,0,-1.516,0.886
"20250822103700",896883,0,-1.505,0.884
"20250822103800",896884,0,-1.585,0.884
"20250822103900",896885,0,-1.748,0.886
"20250822104000",896886,0,-1.693,0.884
"20250822104100",896887,0,-1.514,0.883
"20250822104200",896888,0,-1.774,0.884
"20250822104300",896889,0,-1.846,0.886
"20250822104400",896890,0,-1.794,0.885
"20250822104500",896891,0,-1.518,0.882
"20250822104600",896892,0,-1.69,0.883
"20250822104700",896893,0,-2.104,0.886
"20250822104800",896894,0,-2.168,0.887
"20250822104900",896895,0,-1.964,0.885
"20250822105000",896896,0,-1.779,0.884
"20250822105100",896897,0,-1.712,0.884
"20250822105200",896898,0,-1.901,0.886
"20250822105300",896899,0,-1.638,0.884
"20250822105400",896900,0,-1.758,0.888
"20250822105500",896901,0,-2.028,0.888
"20250822105600",896902,0,-1.638,0.885
"20250822105700",896903,0,-1.669,0.886
"20250822105800",896904,0,-1.619,0.885
"20250822105900",896905,0,-1.572,0.885
"20250822110000",896906,0,-1.487,0.884
"20250822110100",896907,0,-1.45,0.884
"20250822110200",896908,0,-1.74,0.887
"20250822110300",896909,0,-1.743,0.887
"20250822110400",896910,0,-1.813,0.888
"20250822110500",896911,0,-1.641,0.887
"20250822110600",896912,0,-1.929,0.89
"20250822110700",896913,0,-1.665,0.887
"20250822110800",896914,0,-1.405,0.884
"20250822110900",896915,0,-1.637,0.886
"20250822111000",896916,0,-1.707,0.887
"20250822111100",896917,0,-1.478,0.884
"20250822111200",896918,0,-1.803,0.886
"20250822111300",896919,0,-1.827,0.887
"20250822111400",896920,0,-1.77,0.886
"20250822111500",896921,0,-1.674,0.885
"20250822111600",896922,0,-1.551,0.884
"20250822111700",896923,0,-1.796,0.886
"20250822111800",896924,0,-1.893,0.887
"20250822111900",896925,0,-1.826,0.886
"20250822112000",896926,0,-1.662,0.886
"20250822112100",896927,0,-1.706,0.885
"20250822112200",896928,0,-1.593,0.885
"20250822112300",896929,0,-1.743,0.885
"20250822112400",896930,0,-1.292,0.883
"20250822112500",896931,0,-1.948,0.882
"20250822112600",896932,0,-2.287,0.884
"20250822112700",896933,0,-1.892,0.879
"20250822112800",896934,0,-1.729,0.878
"20250822112900",896935,0,-2.011,0.879
"20250822113000",896936,0,-2.492,0.885
"20250822113100",896937,0,-2.716,0.886
"20250822113200",896938,0,-2.859,0.885
"20250822113300",896939,0,-2.195,0.881
"20250822113400",896940,0,-2.403,0.882
"20250822113500",896941,0,-2.059,0.877
"20250822113600",896942,0,-2.343,0.878
"20250822113700",896943,0,-2.784,0.881
"20250822113800",896944,0,-2.813,0.882
"20250822113900",896945,0,-2.872,0.882
"20250822114000",896946,0,-2.993,0.884
"20250822114100",896947,0,-2.375,0.88
"20250822114200",896948,0,-2.755,0.885
"20250822114300",896949,0,-2.489,0.883
"20250822114400",896950,0,-2.566,0.884
"20250822114500",896951,0,-2.407,0.884
"20250822114600",896952,0,-2.479,0.884
"20250822114700",896953,0,-2.669,0.886
"20250822114800",896954,0,-2.476,0.886
"20250822114900",896955,0,-2.245,0.883
"20250822115000",896956,0,-2.325,0.887
"20250822115100",896957,0,-2.217,0.884
"20250822115200",896958,0,-2.274,0.884
"20250822115300",896959,0,-2.108,0.883
"20250822115400",896960,0,-2.004,0.883
"20250822115500",896961,0,-1.845,0.882
"20250822115600",896962,0,-1.924,0.883
"20250822115700",896963,0,-1.872,0.882
"20250822115800",896964,0,-1.658,0.88
"20250822115900",896965,0,-1.7,0.881
"20250822120000",896966,0,-2.03,0.884
"20250822120100",896967,0,-1.99,0.884
"20250822120200",896968,0,-2.103,0.885
"20250822120300",896969,0,-1.784,0.883
"20250822120400",896970,0,-1.927,0.885
"20250822120500",896971,0,-1.606,0.883
"20250822120600",896972,0,-1.927,0.886
"20250822120700",896973,0,-1.721,0.885
"20250822120800",896974,0,-1.741,0.885
"20250822120900",896975,0,-1.724,0.885
"20250822121000",896976,0,-1.631,0.885
"20250822121100",896977,0,-1.504,0.884
"20250822121200",896978,0,-1.724,0.886
"20250822121300",896979,0,-1.812,0.887
"20250822121400",896980,0,-1.556,0.885
"20250822121500",896981,0,-1.453,0.884
"20250822121600",896982,0,-1.45,0.884
"20250822121700",896983,0,-1.387,0.884
"20250822121800",896984,0,-1.505,0.885
"20250822121900",896985,0,-1.555,0.885
"20250822122000",896986,0,-1.802,0.887
"20250822122100",896987,0,-1.691,0.886
"20250822122200",896988,0,-1.732,0.886
"20250822122300",896989,0,-1.564,0.885
"20250822122400",896990,0,-1.362,0.884
"20250822122500",896991,0,-1.702,0.886
"20250822122600",896992,0,-1.52,0.885
"20250822122700",896993,0,-1.288,0.881
"20250822122800",896994,0,-1.832,0.887
"20250822122900",896995,0,-1.641,0.885
"20250822123000",896996,0,-1.622,0.885
"20250822123100",896997,0,-1.651,0.885
"20250822123200",896998,0,-1.429,0.884
"20250822123300",896999,0,-1.553,0.884
"20250822123400",897000,0,-1.805,0.886
"20250822123500",897001,0,-1.652,0.885
"20250822123600",897002,0,-1.544,0.884
"20250822123700",897003,0,-1.639,0.885
"20250822123800",897004,0,-1.733,0.886
"20250822123900",897005,0,-1.643,0.885
"20250822124000",897006,0,-1.435,0.883
"20250822124100",897007,0,-1.578,0.884
"20250822124200",897008,0,-1.713,0.885
"20250822124300",897009,0,-1.813,0.886
"20250822124400",897010,0,-1.668,0.885
"20250822124500",897011,0,-1.652,0.885
"20250822124600",897012,0,-1.547,0.884
"20250822124700",897013,0,-1.773,0.886
"20250822124800",897014,0,-1.686,0.885
"20250822124900",897015,0,-1.45,0.884
"20250822125000",897016,0,-1.751,0.886
"20250822125100",897017,0,-1.756,0.885
"20250822125200",897018,0,-1.657,0.886
"20250822125300",897019,0,-1.837,0.886
"20250822125400",897020,0,-1.423,0.883
"20250822125500",897021,0,-1.431,0.882
"20250822125600",897022,0,-1.546,0.882
"20250822125700",897023,0,-1.591,0.882
"20250822125800",897024,0,-1.436,0.88
"20250822125900",897025,0,-1.761,0.884
"20250822130000",897026,0,-1.864,0.884
"20250822130100",897027,0,-1.634,0.881
"20250822130200",897028,0,-1.777,0.882
"20250822130300",897029,0,-1.604,0.882
"20250822130400",897030,0,-1.919,0.884
"20250822130500",897031,0,-1.704,0.882
"20250822130600",897032,0,-1.757,0.881
"20250822130700",897033,0,-1.723,0.88
"20250822130800",897034,0,-1.97,0.883
"20250822130900",897035,0,-1.98,0.882
"20250822131000",897036,0,-1.927,0.881
"20250822131100",897037,0,-2.018,0.882
"20250822131200",897038,0,-1.965,0.882
"20250822131300",897039,0,-1.949,0.882
"20250822131400",897040,0,-2.041,0.883
"20250822131500",897041,0,-1.831,0.881
"20250822131600",897042,0,-1.898,0.881
"20250822131700",897043,0,-1.791,0.88
"20250822131800",897044,0,-2.204,0.884
"20250822131900",897045,0,-1.955,0.882
"20250822132000",897046,0,-1.964,0.883
"20250822132100",897047,0,-1.978,0.884
"20250822132200",897048,0,-1.82,0.883
"20250822132300",897049,0,-1.613,0.881
"20250822132400",897050,0,-1.825,0.883
"20250822132500",897051,0,-1.969,0.884
"20250822132600",897052,0,-1.802,0.882
"20250822132700",897053,0,-1.882,0.882
"20250822132800",897054,0,-1.632,0.88
"20250822132900",897055,0,-1.23,0.879
"20250822133000",897056,0,-2.062,0.882
"20250822133100",897057,0,-1.941,0.88
"20250822133200",897058,0,-1.597,0.879
"20250822133300",897059,0,-1.802,0.88
"20250822133400",897060,0,-2.228,0.882
"20250822133500",897061,0,-1.898,0.878
"20250822133600",897062,0,-2.289,0.884
"20250822133700",897063,0,-2.208,0.883
"20250822133800",897064,0,-2.114,0.883
"20250822133900",897065,0,-2.104,0.883
"20250822134000",897066,0,-1.633,0.881
"20250822134100",897067,0,-1.614,0.882
"20250822134200",897068,0,-2.016,0.882
"20250822134300",897069,0,-1.84,0.882
"20250822134400",897070,0,-2.319,0.886
"20250822134500",897071,0,-2.103,0.884
"20250822134600",897072,0,-2.165,0.884
"20250822134700",897073,0,-2.044,0.884
"20250822134800",897074,0,-1.98,0.883
"20250822134900",897075,0,-2.023,0.884
"20250822135000",897076,0,-1.811,0.882
"20250822135100",897077,0,-1.841,0.882
"20250822135200",897078,0,-1.793,0.882
"20250822135300",897079,0,-1.75,0.884
"20250822135400",897080,0,-1.803,0.883
"20250822135500",897081,0,-1.881,0.883
"20250822135600",897082,0,-1.891,0.883
"20250822135700",897083,0,-1.825,0.882
"20250822135800",897084,0,-1.742,0.881
"20250822135900",897085,0,-1.719,0.882
"20250822140000",897086,0,-1.822,0.881
"20250822140100",897087,0,-1.898,0.883
"20250822140200",897088,0,-1.909,0.882
"20250822140300",897089,0,-1.833,0.88
"20250822140400",897090,0,-2.154,0.882
"20250822140500",897091,0,-2.199,0.882
"20250822140600",897092,0,-1.959,0.88
"20250822140700",897093,0,-2.381,0.883
"20250822140800",897094,0,-2.558,0.884
"20250822140900",897095,0,-2.187,0.88
"20250822141000",897096,0,-2.547,0.884
"20250822141100",897097,0,-2.586,0.883
"20250822141200",897098,0,-2.406,0.884
"20250822141300",897099,0,-2.23,0.882
"20250822141400",897100,0,-2.574,0.885
"20250822141500",897101,0,-2.082,0.881
"20250822141600",897102,0,-2.845,0.883
"20250822141700",897103,0,-2.399,0.88
"20250822141800",897104,0,-2.361,0.88
"20250822141900",897105,0,-2.36,0.88
"20250822142000",897106,0,-2.568,0.88
"20250822142100",897107,0,-2.135,0.876
"20250822142200",897108,0,-2.679,0.882
"20250822142300",897109,0,-2.131,0.877
"20250822142400",897110,0,-2.502,0.881
"20250822142500",897111,0,-2.482,0.879
"20250822142600",897112,0,-2.636,0.882
"20250822142700",897113,0,-2.859,0.883
"20250822142800",897114,0,-2.674,0.882
"20250822142900",897115,0,-2.493,0.88
"20250822143000",897116,0,-2.272,0.88
"20250822143100",897117,0,-2.014,0.878
"20250822143200",897118,0,-1.701,0.881
"20250822143300",897119,0,-2.145,0.881
"20250822143400",897120,0,-2.189,0.88
"20250822143500",897121,0,-2.039,0.881
"20250822143600",897122,0,-2.149,0.88
"20250822143700",897123,0,-2.263,0.882
"20250822143800",897124,0,-1.812,0.877
"20250822143900",897125,0,-2.065,0.878
"20250822144000",897126,0,-2.004,0.879
"20250822144100",897127,0,-1.948,0.879
"20250822144200",897128,0,-1.807,0.878
"20250822144300",897129,0,-2.06,0.879
"20250822144400",897130,0,-1.776,0.877
"20250822144500",897131,0,-1.981,0.878
"20250822144600",897132,0,-2.168,0.88
"20250822144700",897133,0,-2.176,0.88
"20250822144800",897134,0,-2.248,0.88
"20250822144900",897135,0,-2.254,0.879
"20250822145000",897136,0,-1.999,0.878
"20250822145100",897137,0,-1.843,0.876
"20250822145200",897138,0,-1.459,0.876
"20250822145300",897139,0,-2.409,0.88
"20250822145400",897140,0,-2.124,0.876
"20250822145500",897141,0,-2.165,0.878
"20250822145600",897142,0,-2.391,0.88
"20250822145700",897143,0,-2.264,0.879
"20250822145800",897144,0,-2.464,0.88
"20250822145900",897145,0,-2.347,0.882
"20250822150000",897146,0,-2.157,0.882
"20250822150100",897147,0,-2.084,0.883
"20250822150200",897148,0,-2.068,0.884
"20250822150300",897149,0,-1.765,0.881
"20250822150400",897150,0,-1.968,0.882
"20250822150500",897151,0,-1.843,0.88
"20250822150600",897152,0,-1.937,0.88
"20250822150700",897153,0,-2.178,0.882
"20250822150800",897154,0,-2.289,0.883
"20250822150900",897155,0,-2.207,0.883
"20250822151000",897156,0,-2.121,0.883
"20250822151100",897157,0,-2.084,0.883
"20250822151200",897158,0,-2.009,0.884
"20250822151300",897159,0,-1.883,0.882
"20250822151400",897160,0,-1.791,0.88
"20250822151500",897161,0,-1.873,0.881
"20250822151600",897162,0,-1.9,0.883
"20250822151700",897163,0,-1.988,0.884
"20250822151800",897164,0,-1.888,0.884
"20250822151900",897165,0,-1.831,0.883
"20250822152000",897166,0,-1.887,0.884
"20250822152100",897167,0,-1.634,0.882
"20250822152200",897168,0,-1.75,0.884
"20250822152300",897169,0,-1.764,0.884
"20250822152400",897170,0,-1.673,0.883
"20250822152500",897171,0,-1.778,0.884
"20250822152600",897172,0,-1.877,0.885
"20250822152700",897173,0,-1.749,0.884
"20250822152800",897174,0,-1.842,0.885
"20250822152900",897175,0,-1.733,0.884
"20250822153000",897176,0,-1.627,0.883
"20250822153100",897177,0,-1.733,0.884
"20250822153200",897178,0,-1.63,0.882
"20250822153300",897179,0,-1.725,0.883
"20250822153400",897180,0,-1.572,0.882
"20250822153500",897181,0,-1.902,0.883
"20250822153600",897182,0,-1.73,0.88
"20250822153700",897183,0,-2,0.881
"20250822153800",897184,0,-2.301,0.882
"20250822153900",897185,0,-2.131,0.881
"20250822154000",897186,0,-2.01,0.88
"20250822154100",897187,0,-2.138,0.88
"20250822154200",897188,0,-2.22,0.881
"20250822154300",897189,0,-2.172,0.882
"20250822154400",897190,0,-2.035,0.88
"20250822154500",897191,0,-1.767,0.881
"20250822154600",897192,0,-2.286,0.882
"20250822154700",897193,0,-2.386,0.88
"20250822154800",897194,0,-2.276,0.879
"20250822154900",897195,0,-2.459,0.881
"20250822155000",897196,0,-2.26,0.879
"20250822155100",897197,0,-2.091,0.879
"20250822155200",897198,0,-2.015,0.88
"20250822155300",897199,0,-2.204,0.881
"20250822155400",897200,0,-2.026,0.88
"20250822155500",897201,0,-2.134,0.882
"20250822155600",897202,0,-1.86,0.881
"20250822155700",897203,0,-1.727,0.88
"20250822155800",897204,0,-1.866,0.882
"20250822155900",897205,0,-1.623,0.881
"20250822160000",897206,0,-1.742,0.882
"20250822160100",897207,0,-1.782,0.882
"20250822160200",897208,0,-1.495,0.88
"20250822160300",897209,0,-1.762,0.882
"20250822160400",897210,0,-1.73,0.882
"20250822160500",897211,0,-1.688,0.882
"20250822160600",897212,0,-1.783,0.883
"20250822160700",897213,0,-1.502,0.881
"20250822160800",897214,0,-1.62,0.882
"20250822160900",897215,0,-1.676,0.883
"20250822161000",897216,0,-1.656,0.883
"20250822161100",897217,0,-1.579,0.883
"20250822161200",897218,0,-1.684,0.884
"20250822161300",897219,0,-1.567,0.883
"20250822161400",897220,0,-1.583,0.883
"20250822161500",897221,0,-1.527,0.883
"20250822161600",897222,0,-1.664,0.884
"20250822161700",897223,0,-1.642,0.884
"20250822161800",897224,0,-1.603,0.884
"20250822161900",897225,0,-1.614,0.884
"20250822162000",897226,0,-1.53,0.883
"20250822162100",897227,0,-1.524,0.883
"20250822162200",897228,0,-1.524,0.883
"20250822162300",897229,0,-1.505,0.883
"20250822162400",897230,0,-1.436,0.882
"20250822162500",897231,0,-1.495,0.883
"20250822162600",897232,0,-1.457,0.882
"20250822162700",897233,0,-1.493,0.882
"20250822162800",897234,0,-1.599,0.883
"20250822162900",897235,0,-1.583,0.882
"20250822163000",897236,0,-1.678,0.883
"20250822163100",897237,0,-1.657,0.883
"20250822163200",897238,0,-1.701,0.884
"20250822163300",897239,0,-1.524,0.882
"20250822163400",897240,0,-1.505,0.883
"20250822163500",897241,0,-1.676,0.884
"20250822163600",897242,0,-1.674,0.884
"20250822163700",897243,0,-1.645,0.884
"20250822163800",897244,0,-1.606,0.884
"20250822163900",897245,0,-1.587,0.884
"20250822164000",897246,0,-1.547,0.884
"20250822164100",897247,0,-1.536,0.884
"20250822164200",897248,0,-1.613,0.885
"20250822164300",897249,0,-1.587,0.885
"20250822164400",897250,0,-1.576,0.885
"20250822164500",897251,0,-1.465,0.884
"20250822164600",897252,0,-1.526,0.885
"20250822164700",897253,0,-1.524,0.885
"20250822164800",897254,0,-1.533,0.885
"20250822164900",897255,0,-1.497,0.885
"20250822165000",897256,0,-1.365,0.885
"20250822165100",897257,0,-1.458,0.885
"20250822165200",897258,0,-1.429,0.885
"20250822165300",897259,0,-1.434,0.885
"20250822165400",897260,0,-1.427,0.885
"20250822165500",897261,0,-1.414,0.885
"20250822165600",897262,0,-1.405,0.885
"20250822165700",897263,0,-1.492,0.886
"20250822165800",897264,0,-1.47,0.886
"20250822165900",897265,0,-1.372,0.886
"20250822170000",897266,0,-1.452,0.886
"20250822170100",897267,0,-1.347,0.885
"20250822170200",897268,0,-1.356,0.885
"20250822170300",897269,0,-1.343,0.885
"20250822170400",897270,0,-1.358,0.885
"20250822170500",897271,0,-1.36,0.885
"20250822170600",897272,0,-1.318,0.885
"20250822170700",897273,0,-1.353,0.885
"20250822170800",897274,0,-1.401,0.885
"20250822170900",897275,0,-1.393,0.885
"20250822171000",897276,0,-1.315,0.884
"20250822171100",897277,0,-1.301,0.884
"20250822171200",897278,0,-1.413,0.885
"20250822171300",897279,0,-1.332,0.884
"20250822171400",897280,0,-1.447,0.885
"20250822171500",897281,0,-1.391,0.885
"20250822171600",897282,0,-1.258,0.883
"20250822171700",897283,0,-1.455,0.885
"20250822171800",897284,0,-1.465,0.885
"20250822171900",897285,0,-1.356,0.884
"20250822172000",897286,0,-1.321,0.883
"20250822172100",897287,0,-1.449,0.884
"20250822172200",897288,0,-1.382,0.884
"20250822172300",897289,0,-1.462,0.884
"20250822172400",897290,0,-1.569,0.885
"20250822172500",897291,0,-1.44,0.884
"20250822172600",897292,0,-1.344,0.884
"20250822172700",897293,0,-1.53,0.885
"20250822172800",897294,0,-1.473,0.885
"20250822172900",897295,0,-1.469,0.885
"20250822173000",897296,0,-1.426,0.885
"20250822173100",897297,0,-1.42,0.885
"20250822173200",897298,0,-1.285,0.884
"20250822173300",897299,0,-1.371,0.885
"20250822173400",897300,0,-1.388,0.885
"20250822173500",897301,0,-1.374,0.885
"20250822173600",897302,0,-1.369,0.885
"20250822173700",897303,0,-1.363,0.885
"20250822173800",897304,0,-1.356,0.885
"20250822173900",897305,0,-1.331,0.885
"20250822174000",897306,0,-1.437,0.886
"20250822174100",897307,0,-1.329,0.885
"20250822174200",897308,0,-1.402,0.886
"20250822174300",897309,0,-1.402,0.886
"20250822174400",897310,0,-1.399,0.886
"20250822174500",897311,0,-1.383,0.886
"20250822174600",897312,0,-1.389,0.886
"20250822174700",897313,0,-1.37,0.886
"20250822174800",897314,0,-1.37,0.886
"20250822174900",897315,0,-1.344,0.886
"20250822175000",897316,0,-1.33,0.886
"20250822175100",897317,0,-1.351,0.886
"20250822175200",897318,0,-1.324,0.886
"20250822175300",897319,0,-1.314,0.886
"20250822175400",897320,0,-1.305,0.886
"20250822175500",897321,0,-1.302,0.886
"20250822175600",897322,0,-1.294,0.886
"20250822175700",897323,0,-1.287,0.886
"20250822175800",897324,0,-1.278,0.886
"20250822175900",897325,0,-1.374,0.887
"20250822180000",897326,0,-1.363,0.887
"20250822180100",897327,0,-1.357,0.887
"20250822180200",897328,0,-1.343,0.887
"20250822180300",897329,0,-1.342,0.887
"20250822180400",897330,0,-1.329,0.887
"20250822180500",897331,0,-1.326,0.887
"20250822180600",897332,0,-1.316,0.887
"20250822180700",897333,0,-1.303,0.887
"20250822180800",897334,0,-1.279,0.887
"20250822180900",897335,0,-1.291,0.887
"20250822181000",897336,0,-1.271,0.887
"20250822181100",897337,0,-1.269,0.887
"20250822181200",897338,0,-1.266,0.887
"20250822181300",897339,0,-1.26,0.887
"20250822181400",897340,0,-1.26,0.887
"20250822181500",897341,0,-1.355,0.888
"20250822181600",897342,0,-1.247,0.887
"20250822181700",897343,0,-1.246,0.887
"20250822181800",897344,0,-1.342,0.888
"20250822181900",897345,0,-1.337,0.888
"20250822182000",897346,0,-1.331,0.888
"20250822182100",897347,0,-1.33,0.888
"20250822182200",897348,0,-1.323,0.888
"20250822182300",897349,0,-1.32,0.888
"20250822182400",897350,0,-1.324,0.888
"20250822182500",897351,0,-1.315,0.888
"20250822182600",897352,0,-1.31,0.888
"20250822182700",897353,0,-1.306,0.888
"20250822182800",897354,0,-1.31,0.888
"20250822182900",897355,0,-1.301,0.888
"20250822183000",897356,0,-1.31,0.888
"20250822183100",897357,0,-1.303,0.888
"20250822183200",897358,0,-1.304,0.888
"20250822183300",897359,0,-1.308,0.888
"20250822183400",897360,0,-1.305,0.888
"20250822183500",897361,0,-1.302,0.888
"20250822183600",897362,0,-1.299,0.888
"20250822183700",897363,0,-1.298,0.888
"20250822183800",897364,0,-1.295,0.888
"20250822183900",897365,0,-1.288,0.888
"20250822184000",897366,0,-1.284,0.888
"20250822184100",897367,0,-1.28,0.888
"20250822184200",897368,0,-1.272,0.888
"20250822184300",897369,0,-1.268,0.888
"20250822184400",897370,0,-1.265,0.888
"20250822184500",897371,0,-1.259,0.888
"20250822184600",897372,0,-1.252,0.888
"20250822184700",897373,0,-1.246,0.888
"20250822184800",897374,0,-1.239,0.888
"20250822184900",897375,0,-1.236,0.888
"20250822185000",897376,0,-1.232,0.888
"20250822185100",897377,0,-1.231,0.888
"20250822185200",897378,0,-1.228,0.888
"20250822185300",897379,0,-1.222,0.888
"20250822185400",897380,0,-1.215,0.888
"20250822185500",897381,0,-1.217,0.888
"20250822185600",897382,0,-1.211,0.888
"20250822185700",897383,0,-1.309,0.889
"20250822185800",897384,0,-1.203,0.888
"20250822185900",897385,0,-1.198,0.888
"20250822190000",897386,0,-1.297,0.889
"20250822190100",897387,0,-1.289,0.889
"20250822190200",897388,0,-1.288,0.889
"20250822190300",897389,0,-1.177,0.888
"20250822190400",897390,0,-1.185,0.888
"20250822190500",897391,0,-1.182,0.888
"20250822190600",897392,0,-1.177,0.888
"20250822190700",897393,0,-1.183,0.888
"20250822190800",897394,0,-1.184,0.888
"20250822190900",897395,0,-1.179,0.888
"20250822191000",897396,0,-1.176,0.888
"20250822191100",897397,0,-1.178,0.888
"20250822191200",897398,0,-1.176,0.888
"20250822191300",897399,0,-1.268,0.889
"20250822191400",897400,0,-1.165,0.888
"20250822191500",897401,0,-1.166,0.888
"20250822191600",897402,0,-1.162,0.888
"20250822191700",897403,0,-1.162,0.888
"20250822191800",897404,0,-1.159,0.888
"20250822191900",897405,0,-1.153,0.888
"20250822192000",897406,0,-1.149,0.888
"20250822192100",897407,0,-1.251,0.889
"20250822192200",897408,0,-1.245,0.889
"20250822192300",897409,0,-1.241,0.889
"20250822192400",897410,0,-1.237,0.889
"20250822192500",897411,0,-1.233,0.889
"20250822192600",897412,0,-1.222,0.889
"20250822192700",897413,0,-1.225,0.889
"20250822192800",897414,0,-1.22,0.889
"20250822192900",897415,0,-1.22,0.889
"20250822193000",897416,0,-1.212,0.889
"20250822193100",897417,0,-1.204,0.889
"20250822193200",897418,0,-1.201,0.889
"20250822193300",897419,0,-1.2,0.889
"20250822193400",897420,0,-1.197,0.889
"20250822193500",897421,0,-1.199,0.889
"20250822193600",897422,0,-1.186,0.889
"20250822193700",897423,0,-1.189,0.889
"20250822193800",897424,0,-1.187,0.889
"20250822193900",897425,0,-1.179,0.889
"20250822194000",897426,0,-1.186,0.889
"20250822194100",897427,0,-1.179,0.889
"20250822194200",897428,0,-1.185,0.889
"20250822194300",897429,0,-1.177,0.889
"20250822194400",897430,0,-1.167,0.889
"20250822194500",897431,0,-1.162,0.889
"20250822194600",897432,0,-1.157,0.889
"20250822194700",897433,0,-1.157,0.889
"20250822194800",897434,0,-1.255,0.89
"20250822194900",897435,0,-1.145,0.889
"20250822195000",897436,0,-1.253,0.89
"20250822195100",897437,0,-1.146,0.889
"20250822195200",897438,0,-1.153,0.889
"20250822195300",897439,0,-1.159,0.889
"20250822195400",897440,0,-1.152,0.889
"20250822195500",897441,0,-1.149,0.889
"20250822195600",897442,0,-1.154,0.889
"20250822195700",897443,0,-1.159,0.889
"20250822195800",897444,0,-1.149,0.889
"20250822195900",897445,0,-1.255,0.89
"20250822200000",897446,0,-1.152,0.889
"20250822200100",897447,0,-1.152,0.889
"20250822200200",897448,0,-1.247,0.89
"20250822200300",897449,0,-1.149,0.889
"20250822200400",897450,0,-1.155,0.889
"20250822200500",897451,0,-1.252,0.89
"20250822200600",897452,0,-1.249,0.89
"20250822200700",897453,0,-1.249,0.89
"20250822200800",897454,0,-1.25,0.89
"20250822200900",897455,0,-1.25,0.89
"20250822201000",897456,0,-1.253,0.89
"20250822201100",897457,0,-1.15,0.889
"20250822201200",897458,0,-1.25,0.89
"20250822201300",897459,0,-1.247,0.89
"20250822201400",897460,0,-1.248,0.89
"20250822201500",897461,0,-1.252,0.89
"20250822201600",897462,0,-1.149,0.889
"20250822201700",897463,0,-1.254,0.89
"20250822201800",897464,0,-1.255,0.89
"20250822201900",897465,0,-1.252,0.89
"20250822202000",897466,0,-1.247,0.89
"20250822202100",897467,0,-1.146,0.889
"20250822202200",897468,0,-1.251,0.89
"20250822202300",897469,0,-1.247,0.89
"20250822202400",897470,0,-1.25,0.89
"20250822202500",897471,0,-1.251,0.89
"20250822202600",897472,0,-1.251,0.89
"20250822202700",897473,0,-1.253,0.89
"20250822202800",897474,0,-1.255,0.89
"20250822202900",897475,0,-1.251,0.89
"20250822203000",897476,0,-1.254,0.89
"20250822203100",897477,0,-1.251,0.89
"20250822203200",897478,0,-1.252,0.89
"20250822203300",897479,0,-1.249,0.89
"20250822203400",897480,0,-1.25,0.89
"20250822203500",897481,0,-1.253,0.89
"20250822203600",897482,0,-1.244,0.89
"20250822203700",897483,0,-1.248,0.89
"20250822203800",897484,0,-1.244,0.89
"20250822203900",897485,0,-1.249,0.89
"20250822204000",897486,0,-1.25,0.89
"20250822204100",897487,0,-1.253,0.89
"20250822204200",897488,0,-1.258,0.89
"20250822204300",897489,0,-1.259,0.89
"20250822204400",897490,0,-1.252,0.89
"20250822204500",897491,0,-1.256,0.89
"20250822204600",897492,0,-1.255,0.89
"20250822204700",897493,0,-1.244,0.89
"20250822204800",897494,0,-1.251,0.89
"20250822204900",897495,0,-1.247,0.89
"20250822205000",897496,0,-1.248,0.89
"20250822205100",897497,0,-1.25,0.89
"20250822205200",897498,0,-1.246,0.89
"20250822205300",897499,0,-1.248,0.89
"20250822205400",897500,0,-1.246,0.89
"20250822205500",897501,0,-1.24,0.89
"20250822205600",897502,0,-1.233,0.89
"20250822205700",897503,0,-1.334,0.891
"20250822205800",897504,0,-1.32,0.891
"20250822205900",897505,0,-1.319,0.891
"20250822210000",897506,0,-1.305,0.891
"20250822210100",897507,0,-1.3,0.891
"20250822210200",897508,0,-1.296,0.891
"20250822210300",897509,0,-1.295,0.891
"20250822210400",897510,0,-1.29,0.891
"20250822210500",897511,0,-1.286,0.891
"20250822210600",897512,0,-1.284,0.891
"20250822210700",897513,0,-1.276,0.891
"20250822210800",897514,0,-1.275,0.891
"20250822210900",897515,0,-1.266,0.891
"20250822211000",897516,0,-1.261,0.891
"20250822211100",897517,0,-1.258,0.891
"20250822211200",897518,0,-1.264,0.891
"20250822211300",897519,0,-1.256,0.891
"20250822211400",897520,0,-1.255,0.891
"20250822211500",897521,0,-1.254,0.891
"20250822211600",897522,0,-1.257,0.891
"20250822211700",897523,0,-1.26,0.891
"20250822211800",897524,0,-1.267,0.891
"20250822211900",897525,0,-1.252,0.891
"20250822212000",897526,0,-1.265,0.891
"20250822212100",897527,0,-1.258,0.891
"20250822212200",897528,0,-1.254,0.891
"20250822212300",897529,0,-1.258,0.891
"20250822212400",897530,0,-1.254,0.891
"20250822212500",897531,0,-1.259,0.891
"20250822212600",897532,0,-1.266,0.891
"20250822212700",897533,0,-1.261,0.891
"20250822212800",897534,0,-1.261,0.891
"20250822212900",897535,0,-1.262,0.891
"20250822213000",897536,0,-1.266,0.891
"20250822213100",897537,0,-1.265,0.891
"20250822213200",897538,0,-1.26,0.891
"20250822213300",897539,0,-1.263,0.891
"20250822213400",897540,0,-1.265,0.891
"20250822213500",897541,0,-1.268,0.891
"20250822213600",897542,0,-1.272,0.891
"20250822213700",897543,0,-1.272,0.891
"20250822213800",897544,0,-1.261,0.891
"20250822213900",897545,0,-1.261,0.891
"20250822214000",897546,0,-1.256,0.891
"20250822214100",897547,0,-1.255,0.891
"20250822214200",897548,0,-1.243,0.891
"20250822214300",897549,0,-1.337,0.892
"20250822214400",897550,0,-1.23,0.891
"20250822214500",897551,0,-1.232,0.891
"20250822214600",897552,0,-1.222,0.891
"20250822214700",897553,0,-1.321,0.892
"20250822214800",897554,0,-1.324,0.892
"20250822214900",897555,0,-1.22,0.891
"20250822215000",897556,0,-1.219,0.891
"20250822215100",897557,0,-1.223,0.891
"20250822215200",897558,0,-1.323,0.892
"20250822215300",897559,0,-1.224,0.891
"20250822215400",897560,0,-1.218,0.891
"20250822215500",897561,0,-1.333,0.892
"20250822215600",897562,0,-1.225,0.891
"20250822215700",897563,0,-1.223,0.891
"20250822215800",897564,0,-1.32,0.892
"20250822215900",897565,0,-1.315,0.892
"20250822220000",897566,0,-1.212,0.891
"20250822220100",897567,0,-1.224,0.891
"20250822220200",897568,0,-1.226,0.891
"20250822220300",897569,0,-1.237,0.891
"20250822220400",897570,0,-1.238,0.891
"20250822220500",897571,0,-1.243,0.891
"20250822220600",897572,0,-1.243,0.891
"20250822220700",897573,0,-1.241,0.891
"20250822220800",897574,0,-1.247,0.891
"20250822220900",897575,0,-1.25,0.891
"20250822221000",897576,0,-1.254,0.891
"20250822221100",897577,0,-1.259,0.891
"20250822221200",897578,0,-1.254,0.891
"20250822221300",897579,0,-1.254,0.891
"20250822221400",897580,0,-1.256,0.891
"20250822221500",897581,0,-1.258,0.891
"20250822221600",897582,0,-1.255,0.891
"20250822221700",897583,0,-1.257,0.891
"20250822221800",897584,0,-1.255,0.891
"20250822221900",897585,0,-1.254,0.891
"20250822222000",897586,0,-1.252,0.891
"20250822222100",897587,0,-1.253,0.891
"20250822222200",897588,0,-1.255,0.891
"20250822222300",897589,0,-1.249,0.891
"20250822222400",897590,0,-1.247,0.891
"20250822222500",897591,0,-1.246,0.891
"20250822222600",897592,0,-1.236,0.891
"20250822222700",897593,0,-1.339,0.892
"20250822222800",897594,0,-1.327,0.892
"20250822222900",897595,0,-1.326,0.892
"20250822223000",897596,0,-1.318,0.892
"20250822223100",897597,0,-1.309,0.892
"20250822223200",897598,0,-1.305,0.892
"20250822223300",897599,0,-1.294,0.892
"20250822223400",897600,0,-1.282,0.892
"20250822223500",897601,0,-1.381,0.893
"20250822223600",897602,0,-1.376,0.893
"20250822223700",897603,0,-1.371,0.893
"20250822223800",897604,0,-1.264,0.892
"20250822223900",897605,0,-1.265,0.892
"20250822224000",897606,0,-1.26,0.892
"20250822224100",897607,0,-1.262,0.892
"20250822224200",897608,0,-1.259,0.892
"20250822224300",897609,0,-1.359,0.893
"20250822224400",897610,0,-1.252,0.892
"20250822224500",897611,0,-1.253,0.892
"20250822224600",897612,0,-1.251,0.892
"20250822224700",897613,0,-1.254,0.892
"20250822224800",897614,0,-1.259,0.892
"20250822224900",897615,0,-1.267,0.892
"20250822225000",897616,0,-1.266,0.892
"20250822225100",897617,0,-1.273,0.892
"20250822225200",897618,0,-1.27,0.892
"20250822225300",897619,0,-1.271,0.892
"20250822225400",897620,0,-1.263,0.892
"20250822225500",897621,0,-1.355,0.893
"20250822225600",897622,0,-1.251,0.892
"20250822225700",897623,0,-1.253,0.892
"20250822225800",897624,0,-1.248,0.892
"20250822225900",897625,0,-1.239,0.892
"20250822230000",897626,0,-1.236,0.892
"20250822230100",897627,0,-1.241,0.892
"20250822230200",897628,0,-1.338,0.893
"20250822230300",897629,0,-1.329,0.893
"20250822230400",897630,0,-1.319,0.893
"20250822230500",897631,0,-1.314,0.893
"20250822230600",897632,0,-1.305,0.893
"20250822230700",897633,0,-1.301,0.893
"20250822230800",897634,0,-1.294,0.893
"20250822230900",897635,0,-1.297,0.893
"20250822231000",897636,0,-1.288,0.893
"20250822231100",897637,0,-1.283,0.893
"20250822231200",897638,0,-1.29,0.893
"20250822231300",897639,0,-1.278,0.893
"20250822231400",897640,0,-1.28,0.893
"20250822231500",897641,0,-1.273,0.893
"20250822231600",897642,0,-1.268,0.893
"20250822231700",897643,0,-1.365,0.894
"20250822231800",897644,0,-1.26,0.893
"20250822231900",897645,0,-1.357,0.894
"20250822232000",897646,0,-1.255,0.893
"20250822232100",897647,0,-1.251,0.893
"20250822232200",897648,0,-1.348,0.894
"20250822232300",897649,0,-1.341,0.894
"20250822232400",897650,0,-1.437,0.895
"20250822232500",897651,0,-1.34,0.894
"20250822232600",897652,0,-1.347,0.894
"20250822232700",897653,0,-1.438,0.895
"20250822232800",897654,0,-1.424,0.895
"20250822232900",897655,0,-1.429,0.895
"20250822233000",897656,0,-1.407,0.895
"20250822233100",897657,0,-1.503,0.896
"20250822233200",897658,0,-1.294,0.894
"20250822233300",897659,0,-1.39,0.895
"20250822233400",897660,0,-1.385,0.895
"20250822233500",897661,0,-1.374,0.895
"20250822233600",897662,0,-1.372,0.895
"20250822233700",897663,0,-1.367,0.895
"20250822233800",897664,0,-1.37,0.895
"20250822233900",897665,0,-1.274,0.894
"20250822234000",897666,0,-1.29,0.894
"20250822234100",897667,0,-1.276,0.894
"20250822234200",897668,0,-1.372,0.895
"20250822234300",897669,0,-1.268,0.894
"20250822234400",897670,0,-1.266,0.894
"20250822234500",897671,0,-1.371,0.895
"20250822234600",897672,0,-1.367,0.895
"20250822234700",897673,0,-1.368,0.895
"20250822234800",897674,0,-1.267,0.894
"20250822234900",897675,0,-1.362,0.895
"20250822235000",897676,0,-1.366,0.895
"20250822235100",897677,0,-1.373,0.895
"20250822235200",897678,0,-1.378,0.895
"20250822235300",897679,0,-1.372,0.895
"20250822235400",897680,0,-1.472,0.896
"20250822235500",897681,0,-1.471,0.896
"20250822235600",897682,0,-1.474,0.896
"20250822235700",897683,0,-1.458,0.896
"20250822235800",897684,0,-1.452,0.896
"20250822235900",897685,0,-1.44,0.896
"20250823000000",897686,0,-1.43,0.896
